Individual	Species	CSM	LM1	CFI	LFI	LPI	LPA	CNA	LNA	LIO	LCC	LPZ	LCO	CPP	LIP	CIP
1	H	0.030129435	-0.000831154	-0.0096539	0.132678781	0.056749166	0.001787233	0.067879745	-0.093058998	-0.059102198	0.009608106	-0.056095883	0.006754933	-0.026756342	0.100107763	0.156513878
2	H	0.006474223	0.104055694	0.066841573	0.034320128	0.120290048	-0.024849177	0.04680158	0.017805866	0.076427255	0.010944524	-0.050548786	0.03483398	0.067677169	0.058759518	0.207595246
3	H	-0.051403386	-0.039493961	-0.025615684	0.009833243	-0.001320748	0.01582519	0.038221982	-0.066311322	-0.032677272	-0.028669266	-0.079819353	-0.066442505	-0.031659722	-0.202482449	0.13267833
4	H	-0.050972103	0.042454978	-0.01096525	0.078408978	0.095839804	0.01211306	0.043356481	-0.063708566	0.023050787	-0.007641383	-0.047083608	-0.026405931	-0.00963992	-0.047385477	0.085509061
5	H	0.0443793	-0.015242883	0.09742925	-0.008335462	0.221991322	-0.004438352	0.154645139	0.084813443	0.114181072	0.022018149	0.050180285	0.10213666	0.10394343	0.093127383	0.2358229
6	H	0.070917902	-0.007620761	0.080236	0.063940344	0.03452654	0.050224553	0.11703792	0.059846264	-0.056426954	-0.022805058	0.119147682	0.050865066	0.051731649	0.087450436	0.012095902
7	H	0.023595277	0.052776658	0.063022844	-0.048333171	-0.006582001	-0.040222074	0.0423468	0.098222548	0.04653463	-0.01327826	-0.086599468	0.018111365	-0.012716206	0.042764895	-0.020225085
8	H	0.00506378	0.010620835	0.002189496	0.017739734	-0.046023534	-0.044863786	0.048393675	0.024797962	-0.021279272	0.001465035	-0.143217424	0.000640633	-0.032774656	0.021461661	0.036298535
9	H	-0.057247132	0.006857267	0.063069187	0.019092781	0.033198911	0.003166869	0.068113032	-0.214154743	-0.037018015	-0.003661402	-0.063521978	-0.029783227	-0.036014946	0.006470085	0.079988812
10	H	0.051576893	0.07274746	0.069127632	0.033996669	0.042853737	0.046206707	0.071986516	-0.081044843	0.055310443	0.004133777	0.083128884	-0.079617867	0.033350667	0.047592622	0.126970242
11	H	-0.019579426	-0.012158625	-0.103292735	0.000232663	-0.209493553	0.024807207	-0.010825141	-0.009698277	0.015595265	0.007362147	-0.11848355	-0.048576228	-0.025025279	0.045850206	0.249004851
12	H	0.03437502	0.028803154	-0.023853642	-0.024985211	-0.083411067	0.029244186	0.034788023	-0.112644269	-0.051782727	0.052496515	-0.058788744	-0.0081811	-0.05182285	0.010522628	0.06793562
13	H	0.032847987	0.008529931	0.052709168	0.029787211	0.015706464	0.005538963	0.028639748	0.065933433	0.076157795	-0.00930104	-0.097953532	0.000988893	-0.029802566	0.011809524	-0.24660414
14	H	0.004580755	0.00942881	0.080203811	0.043667531	0.065434739	0.037024221	0.015448319	-0.112003647	-0.079953424	0.01816616	0.075790127	0.019548737	-0.008106516	0.048531481	-0.041965778
15	H	-0.037068843	-0.028234	-0.027480551	-0.011896341	0.077107654	-0.064144457	0.019101775	-0.013965738	0.002153119	-0.078268342	-0.017220897	0.02003452	-0.060512001	0.03102297	0.069536654
16	H	0.032132173	0.074381985	0.109037955	0.073544976	0.088805156	0.032252842	0.066092889	0.026251507	-0.075439468	0.031719635	0.032979458	0.002061023	0.043357671	0.032784696	0.220439474
17	H	0.01053403	0.050519531	0.031464548	0.091084789	0.058981831	0.034167474	0.016081083	0.062665435	-0.026412098	-0.00536689	-0.058129307	0.037462137	-0.018252833	0.026594582	0.056986786
18	H	0.0238283	0.055190186	0.055086726	0.074066691	0.079139475	0.03675559	0.113858128	0.036613392	-0.067767803	0.012684131	0.050782574	0.071975697	0.041091235	-0.069982407	0.029465768
19	H	0.02690542	-0.019937782	-0.02111994	0.115019941	-0.010459077	-0.022809146	0.026967681	0.097103375	0.077255202	0.025816797	-0.055310171	0.072619792	0.054931764	-0.018845857	-0.04580868
20	H	0.029877726	0.070746546	0.006146875	0.014428457	0.101919507	0.076317932	0.010526212	-0.041467486	0.052354414	0.054371405	-0.035188077	-0.016055324	-0.017278278	0.041526522	-0.118674752
21	H	-0.003444286	0.019801264	0.003509396	0.019342635	0.084451373	0.032879234	0.008950999	-0.010177628	0.025218635	-0.005882969	0.045981162	-0.043382005	0.001962104	0.006650962	0.024445683
22	H	0.036446698	0.068346439	-0.021544357	0.071099217	0.069924448	0.049620333	-0.153377642	-0.07975157	-0.043656444	-0.009994331	0.060657202	-0.048955742	-0.004390113	0.021147252	0.058964516
23	H	-0.007271938	-0.063915067	0.112708132	0.035565377	0.073215854	0.020136083	0.167744565	-0.032257551	-0.087196705	0.022831521	0.128303288	0.002847398	0.128937122	-0.081092201	0.007339751
24	H	-0.053785979	0.027191918	-0.018623486	0.110651095	0.021760597	0.010248085	0.052937513	-0.137069461	-0.150672278	-0.028459623	-0.040964364	0.011870459	0.028220063	0.041666018	-0.037569476
25	H	0.002006424	-0.002498166	0.004462062	0.014508548	0.040770011	-0.045443292	0.058182295	0.092412354	0.011481828	0.006101905	-0.017876598	-0.039565109	0.002121102	0.068556617	-0.003472827
26	H	-0.006926448	0.001657344	0.091823185	0.156775133	0.152828033	0.036926549	0.150833371	-0.001449802	0.008190386	0.007746524	0.036518078	-0.02393526	0.063124084	0.04027259	0.096578043
27	H	-0.042614228	-0.013108635	-0.007528642	-0.035412265	-0.039460549	-0.095972193	0.057225509	0.023599781	-0.048427416	-0.017390452	-0.000216227	-0.047324474	0.007497122	-0.080518062	-0.01856074
28	H	-0.081757715	-0.060049232	0.002860376	-0.022426135	0.006376464	0.019022585	0.071626818	-0.081003209	-0.028498119	-0.014500115	-0.051475017	-0.060518581	0.04091972	-0.035489525	-0.095577224
29	H	0.000342004	-0.040683472	0.008381963	-0.041629476	0.093503066	0.007743016	0.044632934	-0.1815366	-0.104453419	-0.024197419	0.104158606	-0.043801603	0.001078976	0.00302082	0.157967571
30	H	-0.02402774	0.005660993	-0.005319595	0.037500053	0.134090287	0.033582464	0.068468278	0.019127128	-0.120687626	0.011607999	0.102126339	0.026503183	0.077306114	-0.044363856	-0.074955041
31	H	0.054320379	0.032292505	0.025362604	-0.071792939	-0.037935518	0.015606267	0.008113109	-0.010571586	0.145039213	-0.013505757	-0.092761782	-0.016841461	0.000172269	0.096207055	0.212267823
32	H	-0.036929397	-0.002345942	0.071251035	0.079596907	0.032989126	0.063697123	0.063791207	-0.091436077	-0.026502296	-0.009716986	-0.026787893	0.007287355	-0.128180818	0.099966943	-0.050543495
33	H	0.026137478	0.056964045	-0.017504657	0.133037432	0.053202583	0.092308487	0.011476214	-0.098883526	0.130765079	0.04671684	-0.003445312	0.002646803	0.055847667	0.123225266	0.171491575
34	H	-0.006653783	-0.049287356	0.071885487	0.118163298	0.041541591	0.036489931	0.124212877	0.056182329	-0.00743107	-0.05756215	0.064656186	-0.052310593	0.012169154	-0.041795882	0.226180369
35	H	0.013207227	-0.029327847	0.041102703	0.005342506	-7.06E-05	-0.028770602	0.075964142	-0.043823639	0.079448076	0.010446514	0.065271595	0.061356329	0.083293249	0.019299021	0.076930509
36	H	0.035595241	-0.077647765	0.055139303	-0.012284003	0.027070223	-0.002580161	0.057589985	-0.041459899	-0.081234379	-0.004694253	-0.040795118	-0.006539374	0.023710485	-0.181695575	-0.004768456
37	H	-0.028943022	0.022026417	-0.027817889	0.012365787	0.013351571	0.006502094	-0.059678666	-0.046790805	0.053444553	0.022587863	-0.12192492	-0.020096352	0.005372073	0.026063466	0.026328848
38	H	0.012981444	-0.017378528	-0.016706372	-0.014342791	-0.028884852	-0.053453211	0.063865607	-0.113677126	-0.006805936	0.011634622	-0.024164121	-0.00870815	0.067170039	0.068149214	0.18683493
39	H	-0.056474254	-0.021686651	-0.081966472	-0.039363761	-0.109324351	-0.051145576	0.037475399	0.01308708	-0.020214447	-0.038543911	-0.118013181	-0.029374173	0.013472835	-0.004744748	0.10204979
40	H	0.015631127	0.010020688	0.054198828	0.109045156	0.067813671	0.073793776	0.09723225	0.188945898	0.148279279	0.003513487	0.087346624	0.030026395	0.077846227	0.021177897	0.1468355
41	H	-0.016742015	-0.008920328	-0.020002054	-0.008778945	-0.003179273	-0.014201686	0.047924908	-0.032432971	0.040572414	0.00796199	0.000537663	0.031582577	-0.003632236	0.091667132	0.098616173
42	H	0.049717021	0.06709362	0.100267899	0.075651287	0.14413833	0.059751288	0.106862199	0.091298684	0.112075202	0.010916695	0.171283737	0.038233936	0.070255559	0.055614424	0.124723586
43	H	0.032922722	0.059202707	0.025742151	0.119300453	0.173129234	0.015585415	0.102621144	-0.211985445	-0.081022755	0.005033184	0.026863407	0.000325735	0.046882387	0.06994446	-0.071398249
44	H	-0.035708496	-0.0332287	0.095458418	0.123143748	0.15843731	-0.074704345	0.051161053	0.059622404	0.049248435	-0.012690215	0.108548015	0.02705568	0.074014376	0.03001441	0.221796189
45	H	0.042756315	0.022330058	-0.020632363	-0.006465367	0.02255418	0.036165475	-0.027015283	0.03415775	0.082573844	-0.002964915	-0.03420282	0.04846336	0.033806812	-0.28687742	-0.022030657
46	H	0.000177585	-0.014588678	0.064484344	0.109158713	0.018970747	-0.006837429	0.069311111	0.094965713	0.082144218	0.032018601	-0.009640556	0.032710965	-0.013665303	0.017055601	-0.184182391
47	H	0.000405371	0.025689806	0.073508644	0.000587498	0.057078327	-0.030172428	0.026660134	-0.04016542	-0.017430516	-0.036662419	0.02698513	0.004179136	-0.067723207	-0.015489937	0.169849556
48	H	0.016551798	-0.035101929	0.081515719	0.199664071	0.073127764	-0.024748788	0.026465836	-0.1399587	-0.023256212	-0.004368438	-0.045337344	-0.021129148	-0.026463803	-0.09319421	0.037870444
49	H	-0.013583094	0.002640505	0.133041457	0.121147602	0.036916358	-0.079816765	0.021290174	0.054346008	-0.043337729	-0.013429872	-0.040896062	-0.06781824	-0.073065263	-0.053307663	-0.012355702
50	H	-0.001999494	0.042605285	0.045895662	0.075171839	0.216493639	-0.000440636	0.103792341	-0.135941327	0.035478334	0.014579581	0.028542409	0.00029854	0.072436456	-0.088644586	-0.026206962
51	H	0.047703225	0.033722602	-0.007449618	0.050473553	0.066803857	0.034286694	0.054685314	0.022225796	0.016707946	0.005016322	0.022298678	0.040767485	0.02370209	0.021136971	-0.076650434
52	H	0.009504063	0.023218232	-0.005295453	0.157718173	0.159226295	-0.007284381	0.143859142	-0.096279137	-0.059880768	-0.051670386	0.024951899	0.013716786	0.061214829	0.043889892	0.096289483
53	H	0.034359045	-0.027789786	-0.018434974	0.000127074	0.094107404	-0.038725509	0.104770719	0.165297778	0.012884406	-0.026636344	0.004859066	0.008008467	0.003400696	0.087960336	0.06592937
54	H	-0.051569704	-0.00878929	-0.016196751	0.037700936	0.047324616	-0.034509198	0.053204401	0.020037901	0.037238706	-0.009324763	0.013853135	-0.036995467	-0.003219837	-0.034818039	-0.154440136
55	H	0.005038025	-0.021843441	0.084109448	0.05813877	0.199321205	-0.000473221	0.102426302	-0.029105386	-0.154729659	0.008921273	0.104876519	0.011417385	0.076314915	0.050851268	0.050923199
56	H	-0.011282235	0.050764418	0.055908119	0.016232233	0.215033407	0.050629955	0.095868783	-0.055659963	0.027127307	-0.013724307	0.09886496	0.00102657	0.011495445	0.114956354	0.127198801
57	H	0.010288621	-0.023821993	0.118065678	0.099133206	0.130186494	0.010712793	0.070715978	0.076126477	0.01363785	-0.015910334	0.026251798	-0.027832386	0.025987113	-0.051214677	0.018209102
58	H	0.068993608	0.134939208	0.021807186	0.021501233	0.099926288	0.104653044	0.082692653	0.086549465	3.13E-05	0.040690191	0.104323835	0.014964434	0.082810612	0.086078977	0.130643986
59	H	-0.00697886	0.013664611	-0.015992943	-0.081918353	0.031037504	-0.001198474	0.021026815	0.036457948	0.018255395	0.002382331	0.031534287	-0.009568077	0.04102473	0.009273398	0.025120976
60	I	-0.02764219	-0.067995648	0.036855782	-0.00548615	0.009431167	-0.070533833	-0.013420945	0.021818665	0.036145438	0.012185217	-0.091844298	-0.02832983	-0.051389973	0.03834554	0.328871729
61	I	-0.068854297	-0.147877014	0.088606702	0.070578198	0.000943188	-0.067600289	0.025852397	0.11002597	0.033761991	-0.031500229	-0.11106289	0.023545138	-0.068170185	-0.04348526	0.094360673
62	I	-0.059019537	-0.062725358	-0.047705719	-0.055075564	0.025374276	-0.038613916	0.085332432	0.017642356	-0.093067598	-0.061930123	0.042383316	-0.027293138	0.067799692	-0.007752803	-0.127234301
63	I	-0.044837114	-0.044137551	0.029067701	-0.020681924	-0.026762519	-0.032939604	-0.106060462	0.062966578	-0.025310285	-0.030114239	-0.05187978	-0.018231499	-0.013434991	0.01243976	0.000843136
64	I	-0.086370272	-0.099749525	-0.09052116	-0.19052936	0.002323354	-0.107674766	-0.086730146	-0.034572945	-0.049275164	-0.018680502	-0.078457204	-0.072586823	-0.098200228	-0.074434198	-0.081200145
65	I	-0.026563326	-0.05350113	0.025634902	-0.007343574	0.072278187	-0.017265748	-0.033477508	0.092284546	0.029281526	-0.040473748	-0.025259819	0.016604786	-0.111948969	0.117472802	0.165288357
66	I	-0.075527165	-0.060049232	-0.017261027	-0.047017539	0.012437088	-0.067862713	-0.015205972	0.020273745	0.124393115	0.014293304	0.016459094	-0.022930264	-0.043403205	-0.108379656	-0.05830583
67	I	-0.024382176	-0.028081542	0.05567266	0.0098162	-0.172930391	-0.055706279	-0.025897747	-0.127574895	-0.035874493	0.010939142	-0.138447547	-0.02033196	-0.043335882	0.005109021	-0.027843691
68	I	-0.101497609	-0.10596257	-0.045399781	-0.089558405	-0.098602435	-0.077206954	-0.014445469	-0.086098117	-0.049163024	-0.04084878	-0.019620229	-0.017742502	-0.059798709	-0.009825214	0.30896763
69	I	0.000805434	-0.036336148	0.02757157	0.025315528	0.019088217	-0.091519478	0.026929437	-0.008538458	0.039092856	-0.017696437	-0.069789955	-0.061475062	-0.010616315	0.043874074	0.163560315
70	I	0.057223161	-0.012120381	-0.061404684	-0.033454663	-0.006423924	-0.061377913	-0.046678779	0.032605661	-0.027950546	0.018355834	0.008784857	-0.00102306	0.080000019	-0.030830815	0.113566726
71	I	-0.041685802	-0.160171006	-0.067022817	-0.026854443	-0.026288439	-0.044671434	-0.078770184	-0.000117849	0.066923949	-0.001002725	-0.042932986	-0.016717463	-0.027481879	0.021705307	0.032773881
72	I	-0.022909682	-0.033292372	0.017688997	-0.044646958	-0.136536196	-0.057710685	-0.125155695	-0.078611382	0.003656596	0.010881892	-0.041643597	-0.026267244	-0.124224843	-0.054588221	-0.510245757
73	I	0.066067136	-0.024193026	-0.187536989	-0.013329327	-0.114566475	-0.023145211	-0.050631275	0.019060042	0.019751628	0.083039037	-0.030014453	-0.040071647	0.048635904	0.009252579	0.378555149
74	I	-0.003535182	-0.001366432	0.070907562	0.028040408	0.061243229	-0.051842328	0.027231091	0.025876972	-0.045092586	0.007308847	-0.066826007	0.045464022	0.08444714	-0.08590368	-0.007040069
75	I	-0.049913283	0.018380713	0.046361438	-0.131511084	-0.026393685	0.004349342	-0.002810191	-0.035054737	-0.017938779	-0.03723623	-0.007401187	0.023285927	-0.055956059	-0.137901154	-0.117918264
76	I	0.01712893	0.010918846	-0.000864657	-0.097207112	0.077181299	-0.012022106	-0.009345407	0.011598974	-0.024120155	0.017167303	0.045256392	0.010862318	0.034488166	-0.150054419	-0.531149425
77	I	-0.020680956	-0.088769268	-0.024573793	0.0200554	-0.092729338	-0.030187679	-0.08754473	-0.009591646	-0.010850575	-0.000345957	-0.133786051	-0.012790302	-0.05318366	-0.020771306	0.135826325
78	I	-0.001345046	-0.053839334	-0.0171226	0.068665832	0.048037129	-0.063277096	-0.061870848	-0.034956347	-0.01296989	0.039265607	0.044032272	-0.022690388	0.052731543	-0.046989394	-0.115082806
79	I	0.01987082	-0.016410702	-0.094972457	-0.137474226	0.038497202	-0.072421074	0.018915707	0.055438686	0.014492554	-0.039485372	-0.100026706	0.013992173	0.004259053	-0.029747936	-0.045469022
80	I	-0.056719147	-0.133917714	0.013592315	-0.027831499	0.000510089	-0.055129535	0.097989914	-0.059523449	-0.088143888	0.040406635	0.004206403	0.028703821	-0.072270743	0.003733992	0.033425461
81	I	-0.067465152	-0.028792661	0.061177322	0.013407159	-0.032716972	-0.054216287	-0.033998417	-0.125871686	0.064304133	0.005295411	-0.051111228	0.076143247	-0.115536892	-0.033813041	-0.088475488
82	I	0.068866666	-0.021082534	0.015697819	-0.084993647	0.085697556	-0.036943677	0.002057287	0.03215236	0.021879667	0.002096997	-0.015468554	0.077076854	-0.054298645	0.084013773	-0.02804837
83	I	0.008624193	-0.051795175	-0.037798982	-0.018436704	-0.012763142	-0.044250796	-0.053425652	-0.010437878	0.019610972	-0.015649428	-0.054824078	0.057604897	-0.103430781	-0.098643661	0.055408468
84	I	-0.078764645	-0.099187154	-0.011817548	0.00849731	0.022136401	-0.057394726	-0.029482266	0.03050087	0.098594518	0.000350191	-0.093820026	0.082020567	-0.087746514	0.098405405	0.227998046
85	I	0.016331505	-0.022016094	0.058419173	0.002413764	0.074812939	0.025268037	-0.011266161	0.057058824	0.072859719	0.008638199	-0.110427601	0.036380728	-0.0002892	0.067528265	0.010980727
86	I	0.040230248	-0.003598366	-0.081176592	-0.035853321	-0.069714603	-0.057088687	-0.056945927	0.021638717	0.044811087	0.004176944	-0.098278318	0.032118554	-0.003325871	-0.100483135	0.140555571
87	I	-0.012637641	-0.031168576	0.084001902	-0.005619864	0.087528482	-0.007156359	-0.01074677	-0.023747276	0.016690234	0.024171682	-0.071084974	0.081648538	-0.023346636	-0.028902174	-0.077488511
88	I	0.023650559	-0.035869698	-0.056388736	0.063036574	0.084302867	-0.031006414	-0.024488276	-0.08387004	-0.122264499	0.002762129	-0.081861234	0.046779807	-0.060313844	-0.083667833	-0.314238984
89	I	0.021984128	-0.008371644	-0.013065167	0.066598404	0.029249661	-0.021156678	0.095031312	-0.028445387	-0.02580648	-0.0053018	-0.057844748	0.053356079	0.014714306	-0.054353363	-0.099682413
90	I	-0.008154005	-0.014730838	-0.04919128	-0.036576777	0.028814562	0.004126103	-0.002770877	-0.058296943	0.025313555	0.000403001	-0.141032404	-0.005174034	-0.081100773	-0.025874387	-0.068631856
91	I	0.033829245	0.006814611	0.021586631	-0.050153933	-0.002375921	-0.002090551	0.034439588	0.042884881	-0.067819359	0.013799905	-0.008241422	0.013101172	-0.047567229	0.011626362	0.210324863
92	I	-0.013515933	-0.045093863	0.063231097	0.099328305	-0.007101341	-0.051461494	0.003341182	-0.019403104	-0.181295745	-0.013167419	0.055594649	0.041993769	0.017963427	-0.027153574	-0.042822355
93	I	0.000491482	0.048281301	-0.009164496	0.053591185	-0.045798215	-0.117828293	0.030069989	-0.069683871	-0.055790657	-0.01330786	0.056557148	-0.027832386	0.029187115	0.019853471	-0.024808283
94	I	-0.033415032	0.01364342	0.080930685	0.075250787	0.199348481	0.037225436	0.149712365	0.101876445	-0.069168636	0.007551733	0.171564835	-0.011182607	0.156636544	-0.001553784	0.078359405
95	I	0.012021941	0.079178963	-0.092003165	0.044615776	-0.073161508	-0.004416204	0.029666269	0.10019475	-0.011253392	0.020475543	-0.151533034	-0.020099612	-0.035205245	-0.051578031	-0.217121579
96	I	0.016842674	-0.040455512	-0.093417374	-0.000434691	-0.013810959	-0.06624145	-0.023874616	-0.101855737	0.000804609	-0.024097091	-0.131800071	0.070858227	0.029606964	-0.186098516	-0.249810448
97	I	0.011031843	0.021518747	-0.090163514	-0.057247402	-0.217060379	-0.006735308	-0.200124733	0.06606306	0.083952155	-0.006920861	-0.182358555	0.052615316	-0.080199198	-0.018602847	0.008742685
98	I	-0.014989443	0.001186343	0.105045718	0.023656941	0.028221528	0.025000557	0.046370721	0.079096092	-0.01555969	-0.056826803	0.042419072	0.046212325	-0.023376868	-0.088734006	0.248159124
99	I	-0.012570717	0.013899914	-0.008921169	0.003324007	0.073704268	-0.000634318	-0.089658781	0.05311091	0.001839862	-0.044345064	0.075585335	0.014731089	-0.03283224	-0.143635728	0.28661451
100	I	0.038841588	0.03941343	0.035691951	0.124379526	0.090359944	-0.007664351	0.072161063	0.126107752	-0.009554837	0.030620043	0.10256362	0.035395746	0.079173705	0.094417514	0.186695631
101	I	0.06446084	0.074528119	0.020191004	0.087991911	-0.057548995	0.020561127	-0.021288195	-0.034018958	-0.029697989	-0.014636383	0.0337342	0.039524422	-0.000678879	-0.09346631	-0.04952073
102	I	-0.075752986	0.068545293	0.082868403	0.017598341	0.1273079	-0.019232506	0.08596953	0.075766029	0.036651951	-0.063016518	0.096906168	0.03069952	0.072803768	-0.0034421	0.160992546
103	I	-0.002705054	-0.025157692	0.099490475	0.044029881	-0.02420703	-0.041398138	0.04326039	0.054930578	-0.011156125	-0.089169442	-0.013745714	0.032685863	-0.027301677	-0.035094558	-0.105294127
104	I	0.035344175	0.060485558	0.108065135	0.114015207	-0.007840443	0.081383704	0.04696632	-0.141703756	-0.05058635	0.005299844	-0.025773913	0.015953502	-0.006911159	0.016105699	0.157950132
105	I	0.018775248	-0.023717644	0.08043774	0.047329433	-0.093880865	-0.067354809	0.058537516	0.07479427	-0.041174897	0.028390413	-0.018642561	-0.050403701	-0.025273386	0.049465937	0.211515194
106	I	0.061343579	0.041993196	0.0195236	-0.009576381	-0.00479685	0.031327614	0.036130697	-0.046428252	-0.104291474	-0.012031475	0.006197981	0.048034745	-0.002016244	-0.040707863	-0.061680423
107	I	0.057965584	0.010339176	0.127364889	0.115259291	0.092309761	0.022873062	0.140018813	-0.041309304	-0.046693098	0.082434932	-0.00456599	-0.039149999	0.0044934	-0.017732583	0.174414931
108	I	0.086724609	0.053231645	0.132368618	0.141063074	0.043618131	0.075713978	0.175769532	-0.038070083	-0.06586318	0.078725018	0.102221775	0.041883683	0.064482027	-0.016750897	0.399554554
109	I	0.003372189	-0.004383662	0.040125773	0.103196763	0.009320718	0.059908242	0.04663156	0.037418496	0.029126984	-0.000257245	0.002129559	0.028703821	0.072643637	0.11113703	0.217550444
110	I	0.017496718	-0.047349698	0.19034998	0.092614654	-0.029432268	0.020325238	0.078644537	0.061580745	-0.06311414	-0.001575636	0.032838216	0.018839376	-0.041799159	-0.00842137	-0.01086222
111	I	-0.016334453	-0.040462156	0.043457609	0.122720303	0.047380421	-0.064960592	0.070519628	0.021147064	-0.125345445	0.002674935	0.032423691	0.014053094	-0.000995357	-0.06869915	-0.099842794
112	I	0.014007889	0.037803188	0.021771825	-0.002768533	-0.15759902	0.031331162	-0.050396927	0.015952838	-0.042295704	0.003159677	-0.089096173	0.01668779	-0.001316527	-0.000843684	0.093336116
113	I	0.045935079	0.028334279	-0.075433663	-0.007138941	-0.046522905	0.021533402	-0.071283595	0.007631113	-0.025814096	-0.016909679	-0.087038159	0.010518828	-0.035390754	-0.062235225	-0.025290264
114	I	0.030601101	0.105369289	0.030818392	0.041974084	-0.139706514	-0.029860234	-0.097484261	0.005421536	-0.010183843	0.064162218	-0.190884973	0.025595114	-0.058937991	-0.100597054	-0.056449827
115	I	0.013301148	-0.021075001	0.04021489	0.027084417	0.064431251	0.013465493	0.00524669	-0.113250693	-0.041568909	-0.044556143	0.079963877	0.056216801	0.007128602	-0.014609411	-0.078644197
116	I	0.018873659	-0.03093534	0.031064928	0.129870042	-0.02834744	-0.006203915	0.036793075	-0.111789336	0.031998231	-0.044338925	0.041351359	0.032002992	-0.035018264	-0.007054268	-0.047178544
117	I	-0.024433514	0.042390435	-0.025205438	0.076201922	-0.047681239	0.001641061	-0.047888548	-0.089010873	0.011808925	0.015099982	-0.063149217	0.08915209	-0.032832153	-0.008078208	-0.18078814
118	I	0.014542917	0.014189925	-0.035060731	0.144601528	0.03649755	-0.006943991	0.030181285	-0.096321616	0.060571865	-0.01310739	0.127151495	0.063737034	0.02336824	0.01200906	-0.060506125
119	I	-0.011471949	-0.067675162	0.059260704	0.041487418	-0.069066288	-0.037872426	-0.02054922	0.061674018	-0.024713003	0.013026514	-0.037671659	0.055108719	-0.112216217	0.0602656	0.067508548
120	I	0.031311613	-0.015369441	0.132483805	0.054834161	-0.043756568	-0.013519365	0.093748728	-0.042239077	-0.04053371	-0.029613909	0.073649635	0.082059904	0.006927948	-0.00791158	-0.069516408
121	I	0.030408304	-0.060057411	0.0626701	0.175191363	0.179200338	0.020343722	-0.02523577	-0.067647064	0.10748307	0.013998346	0.031340956	0.040578404	0.094923695	0.093938357	0.369808535
122	I	0.015724103	-0.053105187	-0.032333297	0.086973466	0.031984446	-0.02645616	0.075976687	0.117125333	0.003826919	0.003465292	-0.079104927	0.004822788	0.066707718	0.016029335	0.075623512
123	I	0.032922722	0.089839677	0.025742151	0.09072708	-0.004551943	0.00998316	-0.034467511	-0.050183619	0.031059307	0.015657454	-0.04967667	0.039546448	-0.005607795	-0.04649899	0.163249127
124	I	0.063583143	0.120411167	-0.022918228	0.048268636	-0.221744943	0.047536851	-0.017482791	-0.121338335	0.021441452	0.007678856	-0.075425127	0.033249799	-0.036223457	-0.047257208	-0.213511288
125	I	0.058696603	-0.036827595	-0.04911491	0.033472164	-0.096382452	-0.023612766	-0.077899422	0.04258647	-0.039301817	-0.000146884	-0.073893508	-0.085622173	-0.042046811	-0.003750206	0.158179964
126	B	0.034021981	0.172704549	0.069900703	-0.080101413	0.196478888	-0.120004681	-0.039507877	0.121475931	0.048846322	0.034326643	-0.003723527	0.020338592	-0.090028965	-0.14418131	0.09163381
127	B	0.008626377	0.022747231	0.033309186	-0.024612204	0.143782523	-0.167322656	-0.058307627	0.109451436	0.048234206	0.065556785	0.060183152	0.00085389	-0.105105233	0.052390379	0.139848279
128	B	0.004044749	0.026602534	-0.033841999	-0.084748518	-0.014652706	-0.22614247	-0.065398081	-0.00351369	-0.006979693	-0.001968277	-0.014887324	0.004920978	-0.138821845	-0.074059944	-0.219773189
129	B	0.025071816	-0.012202627	-0.033933678	0.008467708	0.230814257	-0.116006661	0.020311571	0.112683124	-0.013060397	0.026362991	0.117842584	-0.011471019	-0.049403945	-0.036303654	0.040838926
130	B	0.05211879	0.024104381	0.027663508	0.015684484	0.274294558	-0.113560736	0.109309307	0.171832906	0.163708212	0.026050506	0.1643849	0.009212745	0.112018128	-0.013447756	0.071206572
131	B	0.056877618	-0.031641713	0.01356426	-0.046314719	0.131276193	-0.172444992	-0.088176622	-0.001789004	-0.004894653	0.025450731	-0.05237253	-0.001794413	-0.118779998	0.031792146	-0.066479315
132	B	0.041333594	-0.043356051	-0.001839554	-0.014070153	0.090834991	-0.238313894	-0.026585028	0.036351456	0.026955364	0.071051999	-0.04940383	-0.099258955	-0.000563255	0.059866864	-0.312765988
133	B	0.056049793	0.009595303	0.018134039	-0.059250935	0.028328488	-0.146410486	0.021093203	0.04549931	0.011355711	0.014557657	0.034152817	-0.045910697	-0.03658235	0.041766889	-0.110066498
134	D	0.030905415	0.102410217	-0.018681294	-0.10723434	0.035753716	-0.046923942	0.05206087	0.189295547	0.036783244	-0.043536694	-0.131703563	-0.030959215	-0.069592257	-0.060226485	0.045337426
135	D	-0.024419787	-0.044171393	0.013541847	-0.08653889	-0.064245189	-0.217466759	0.026860855	0.220804236	-0.020666411	0.070481064	-0.098255814	-0.043948778	-0.03681405	0.057135198	0.211841665
136	C	0.011355375	0.032205297	-0.042904044	-0.010926541	-0.014806229	-0.120926622	0.016416143	0.266895421	0.023372388	0.040163527	0.00493804	0.003652779	-0.022822225	0.013285526	-0.155151057
137	C	0.007506591	0.114568927	-0.064930426	-0.007820894	-0.0624498	-0.20561332	-0.041613152	0.080662661	0.002949304	0.041825584	-0.080517668	-0.07346758	-0.052816414	-0.025962889	-0.143270055
138	E	-0.019306102	-0.107198041	0.029853719	0.08974931	-0.024989724	-0.112268115	0.045916954	0.223867248	-0.268970556	-0.038564742	0.036158107	-0.093076557	0.03117438	-0.056641448	0.218610032
139	E	-0.043257036	-0.076679198	0.049434608	-0.026870539	-0.086931646	-0.089129704	0.110975845	0.253891447	-0.08428094	0.004580335	0.063674729	-0.005026051	-0.013729187	0.104268225	0.303781763
140	E	-0.041148384	-0.101846876	0.016573916	0.008027224	-0.259204876	-0.148858782	-0.078127176	0.158168177	-0.16636827	-0.051809898	-0.095850017	-0.089850207	-0.209757184	0.058761682	0.392594536
141	G	0.047873079	0.025923941	0.098909447	0.057440922	0.021101924	-0.017014685	0.071813391	0.039004566	0.153689807	0.056614439	0.097701188	-0.001724531	-0.004206694	0.055983526	0.257387156
142	G	0.0621296	0.074896874	0.059850093	-0.003891727	0.080140012	0.084663763	0.023707761	0.121579804	-0.048486555	-0.0016288	0.133074413	0.055177496	0.114491966	-0.054857635	-0.095273969
143	G	-0.003008732	0.015005749	-0.137818919	-0.104674142	-0.275729908	0.079859363	-0.122739131	-0.00080378	0.0600385	0.021459365	-0.080311524	0.012310038	-0.069196842	0.064293584	0.115996735
144	G	-0.025055232	0.03491904	-0.091740768	-0.129400994	-0.147842071	0.022516266	-0.055730362	-0.030546058	-0.082677102	-0.000632501	-0.157719478	0.016865259	0.034283848	-0.096817369	-0.522150459
145	G	0.006250459	0.104903507	-0.106007459	0.026514801	-0.225720309	0.01810048	-0.106921477	0.022109786	-0.024014729	0.014740217	-0.099629236	0.018031722	-0.013307003	-0.035047372	0.009164235
146	G	-0.010456806	0.067975091	-0.050174943	-0.060618486	-0.050207463	0.052264169	0.029576899	0.005474032	0.002291583	0.031439104	0.033043178	-0.031410724	0.048040853	-0.145481487	-0.475477602
147	G	-0.021802933	0.042422009	-0.083720032	-0.016046864	0.024713697	0.063553223	-0.046174449	0.040534581	-0.011012597	-0.032879303	0.065523075	0.021151619	0.053184917	-0.103634415	0.05087922
148	G	0.002120794	0.037047734	-0.018434974	-0.051780786	-0.084993538	0.093555102	-0.028409734	0.054072143	0.051704398	0.07370483	-0.01398966	0.048529664	-0.037612668	-0.061075243	0.015739625
149	G	-0.022081595	0.054848024	-0.132893781	-0.14065118	0.081549317	0.067867318	-0.123159442	-0.082733066	0.030476637	0.012250495	0.045795428	0.029669027	-0.002099719	-0.048631587	-0.23110918
150	G	0.026589052	0.033798553	-0.094929292	-0.100223669	-0.031996298	0.092888298	-0.139604471	-0.035047583	0.008604236	-0.005032845	-0.002532953	-0.020058144	0.026945239	-0.09966897	-0.330482164
151	G	-0.016122597	0.003117192	0.011982013	0.015526359	-0.027053685	-0.009884318	0.065092977	-0.125079289	-0.048486555	0.006286809	0.121983726	0.004705246	0.075478056	-0.005548468	-0.237104164
152	G	-0.054645879	-0.06920347	0.049961261	-0.169876864	-0.020956105	-0.043978529	-0.025786877	-0.093431078	-0.05071125	0.011529285	-0.102089626	-0.010562226	-0.047966135	0.037836278	-0.385714664
153	G	0.014804472	0.008529931	-0.049681984	-0.168389718	-0.145133204	-0.020401058	-0.032597006	-0.044371109	-0.058761523	-0.002726394	-0.007178507	-0.050304402	0.013682546	-0.024389323	0.00628138
154	G	0.026860165	0.012283554	-0.081739398	-0.027834458	-0.092145559	0.026059592	-0.051210722	-0.100085117	-0.054133127	0.008114612	0.037844151	-0.055638087	-0.007188806	0.007960559	0.221419396
155	G	0.0807637	0.132390868	-0.033791446	-0.011790243	-0.055543975	-0.099783924	-0.021183677	-0.079872828	-0.061770362	0.05688777	0.01555772	-0.152197209	0.039033295	-0.069710376	-0.02804837
156	G	0.036081959	0.127515972	-0.059290639	-0.022808523	-0.021259429	0.022021338	-0.037042833	0.163865175	0.074083093	0.058315215	0.024665804	-0.088539591	-0.00928805	0.123350179	0.231080834
157	G	0.012012668	-0.006940674	0.054622849	0.113289316	0.061393244	0.010508952	0.011047281	0.147390217	0.114276508	-0.006591503	0.154718336	-0.025925951	0.089691074	0.020930944	0.18873961
158	G	0.083356769	0.114378332	0.069986012	-0.017566842	-0.032968842	0.023608824	0.014629352	0.049727407	0.001977176	-0.041708587	0.055867829	-0.04189199	-0.041054505	0.041046415	0.435280826
159	G	0.047422591	0.062764595	-0.001681509	-0.012303216	-0.064017408	-0.027228662	-0.078232885	0.004193342	0.06641414	0.036088094	0.007157536	-0.063359223	-0.032512218	0.045521897	0.150253367
160	G	-0.016823825	0.023406288	-0.07471834	-0.038015445	-0.104324538	-0.041565849	-0.16399402	-0.11413255	-0.045217751	0.008145322	0.051500953	-0.05984437	-0.084285018	-0.123575474	0.221424585
161	G	0.030964754	-0.005302945	0.007035235	-0.024661012	-0.060482766	-0.045301849	-0.083635889	-0.024221497	-0.073373527	0.000885927	0.096781949	-0.043041804	-0.133519767	-0.051214677	-0.085203994
162	G	0.017619887	0.006220413	0.062823311	0.000630709	-0.036307188	0.034571752	-0.015518414	0.099884163	-0.005489861	0.047330125	0.113708742	-0.067651279	-0.02089849	0.001624331	-0.28393232
163	G	0.059132552	0.009186202	0.053031967	-0.066609725	0.007334656	0.012905293	0.031478854	-0.050816295	0.007319015	0.050075921	0.144357402	0.017084671	-0.015600914	-0.011207247	-0.563720982
164	G	0.058988694	-0.00852351	-0.092411913	-0.083700886	-0.2351551	-0.006159261	-0.099196114	0.021671887	-0.001768902	0.024567314	-0.063519873	-0.034328096	-0.064180879	-0.096750517	-0.08492065
165	G	0.017198767	-0.005057823	-0.113069599	-0.062573398	0.016839943	-0.007640114	-0.088790182	-0.027388973	-0.037762942	-0.006786623	0.106728178	-0.025065298	0.080251403	-0.029390902	-0.067837103
166	G	0.033506288	-0.050882697	-0.012352002	-0.114078222	0.030938772	-0.017808281	-0.015716252	0.048436349	-0.068465808	0.026631739	-0.0421704	0.043964693	-0.051675057	0.012691744	-0.073606071
167	G	0.057127939	0.085902116	0.032472486	-0.065216704	0.033650157	0.004177658	0.020541163	-0.063949228	0.047702823	0.002981129	0.126727724	-0.045895504	0.050893739	-0.165502638	-0.305852929
168	G	0.035932949	0.007635105	-0.064275682	-0.071355656	-0.031469073	0.074341824	0.059011819	-0.061792395	0.059266712	-0.009024714	0.02328554	-0.056172894	0.054251572	-0.027538482	-0.806277554
169	G	0.035531209	0.060200211	-0.059676886	0.046997254	-0.008447267	0.009396538	-0.040309701	-0.005470044	0.12239918	0.071684505	-0.048524198	0.001068992	-0.045631111	0.038581746	-0.175444478
170	G	0.009035234	-0.033728297	-0.032776632	-0.055568222	0.070453258	-0.004787911	0.006234458	0.049249469	-0.03012594	-0.003510934	0.022371265	0.002273804	0.126080144	0.011912444	-0.339445962
171	G	-0.012753872	-0.027358858	0.111170934	0.192009907	0.068556319	-0.023340097	0.047232688	0.032125695	-0.014656841	-0.099700649	0.077762298	-0.038860668	-0.079821853	-0.04070987	-0.260194436
172	G	-0.082375312	-0.080802381	-0.023036014	0.013590679	-0.119651625	0.007294415	-0.08409673	-0.023238807	-0.000330538	-0.038233848	-0.13438397	-0.031609319	0.002544768	-0.042638365	-0.187368638
173	G	-0.043532003	-0.081453635	0.054873016	0.075788868	-0.009371492	0.020446596	-0.016852052	-0.038946771	-0.081205347	-0.106728855	-0.005211037	-0.025312007	0.00557608	-0.117818837	-0.184148437
174	G	-0.014955818	-0.084507831	0.019106292	-0.109115458	0.010190157	0.099844233	-0.024353935	-0.005338175	0.056279507	0.008394997	0.053662281	-0.044148043	0.143974941	-0.101624799	-0.319075732
175	G	-0.052750618	-0.120900878	-0.159278772	0.048724545	-0.065572894	0.002751422	-0.095692978	-0.156095506	0.015403408	-0.073694032	-0.120076607	-0.052355217	-0.013483603	0.01923372	-0.087529642
176	G	0.00843239	-0.0537662	0.037633825	0.005117196	-0.10478253	-0.08874866	0.017585193	-0.222305065	-0.055629948	-0.05878935	-0.021436722	-0.004544349	-0.029896761	0.046997335	0.033932418
177	G	-0.090327583	-0.059032782	-0.000742698	0.256111617	0.063302279	0.065699107	0.00592716	0.083926254	0.05711529	-0.079491872	0.003142605	-0.06819851	0.066855382	-0.080313425	-0.073354406
178	G	0.010810218	0.053844776	0.013889137	0.016291509	0.01531451	0.053872982	0.002259225	-0.00043752	0.005799049	0.003643038	-0.017548124	0.022182303	0.044577779	-0.067868673	0.092106053
179	G	-0.03075053	0.00374305	-0.046921956	-0.082945637	-0.085997158	0.028216068	0.00777599	-0.04411763	-0.016289726	-0.034689342	0.080673537	-0.001839607	0.034830437	0.062654195	-0.227258396
180	G	-0.005119386	-0.036188572	0.001585357	-0.112353363	-0.012064791	-0.112923507	-0.059071331	-0.023367686	-0.016245051	0.002395841	0.003047637	-0.0155115	-0.072184622	0.014058149	0.135350217
181	G	-0.089470963	-0.063437393	0.088913778	0.053843658	0.035345491	-0.020613859	0.059899765	-0.070549731	-0.00509078	0.013524742	0.102491091	-0.005502944	-0.003408207	0.065968483	0.05713807
182	G	-0.031022467	-0.013995365	0.054786512	0.077675466	0.03440323	-0.047232631	-0.054358703	-0.020828582	0.06090077	0.005953144	0.055349376	-0.018153343	0.023263846	0.000624976	-0.15111869
183	G	-0.017334169	-0.070862427	0.047636956	-0.054511486	0.024471634	-0.080264239	0.033333589	-0.054126529	0.101738938	0.019646136	0.058041275	0.086694537	-0.02690401	0.07435176	0.317421615
184	G	0.064438743	0.051533381	-0.012548634	-0.156241935	-0.168941296	0.038428424	0.050164447	-0.112549206	-0.00869792	-0.024523752	-0.010949919	0.038553613	-0.041726065	0.003101094	-0.021733214
185	G	-0.004997902	-0.046057699	-0.043394199	-0.068012515	-0.054459316	-0.066779925	0.007366248	-0.095999621	-0.005197925	0.029768934	0.047942597	-0.020616104	0.045509399	0.114323242	0.089728774
186	G	-0.00905264	-0.091970835	0.032378394	0.003388594	0.014094809	-0.098978023	-0.077890241	-0.096605476	0.023325848	-0.021282356	0.062005568	0.077275485	0.058657975	-0.014940899	-0.224589874
187	G	0.032424688	-0.022949801	0.01263563	-0.064050768	0.02651686	-0.014117896	-0.029046352	0.034241305	-0.056537674	-0.010781741	0.089529172	0.099397696	0.007012819	0.023889829	0.108853141
188	G	0.009479027	-0.024930537	-0.033135346	0.004260191	-0.02605231	-0.084276501	-0.059455196	-0.163194365	0.048220989	-0.036511374	0.04034103	0.012238402	-0.021587396	-0.023670486	-0.103382064
189	G	-0.010203631	-0.022403496	-0.066868482	-0.057616303	-0.057273929	-0.05051596	-0.082559998	-0.054574245	0.000392456	0.014162718	-0.062010154	0.021625718	-0.046199921	-0.031508491	0.029995443
190	G	0.011441096	-0.01821888	-0.029820217	-0.018436704	-0.301428983	-0.04283135	0.030382305	0.104201489	0.007188452	0.026023269	0.040486102	0.015302517	0.032150277	-0.004261555	-0.1075219
191	G	-0.015253443	0.013566613	0.023531722	-0.114075274	-0.035808165	-0.033925735	-0.064391495	0.106263576	0.021658077	-0.028197337	-0.007720473	-0.025429138	-0.026894991	0.089574665	-0.060076014
192	G	0.027610545	-0.011619838	0.08019859	-0.096931116	-0.022668119	-0.050771982	-0.069696103	0.14059633	-0.007526349	0.032056231	-0.012969471	-0.010604755	-0.04793447	0.09202573	-0.118374468
193	G	-0.037248193	-0.072343587	0.011766098	-0.010246057	-0.104772403	-0.06210177	-0.010774422	-0.191371757	-0.162203139	-3.14E-05	-0.115738304	-0.032698189	-0.073239949	0.014993072	-0.078947906
194	G	-0.037935733	-0.068644497	0.020969502	-0.014745273	-0.045942298	-0.100848637	0.043932165	-0.093281146	0.021676738	-0.0285975	0.009486339	0.015490041	-0.023552934	0.100940225	-0.183809727
195	G	-0.048114262	-0.049878912	-0.062653115	-0.087647268	-0.022742617	-0.052597253	-0.028552448	-0.187088583	-0.10113391	-0.042098321	-0.046242564	-0.027655376	0.034039781	0.022814824	-0.170141341
196	G	0.029877726	-0.001683292	0.003522201	-0.037272918	-0.054049355	-0.025881207	-0.027319931	0.036046194	-0.049644754	0.001318861	0.024658839	-0.068032379	0.032761248	0.07105887	0.020715513
197	G	-0.014806851	0.02557407	-0.017794752	-0.176856395	0.044324836	-0.073149443	-0.031773025	-0.063329126	0.023040259	0.027550841	-0.01620865	0.00297973	-0.065997664	0.051684968	-0.097431391
198	G	-0.02581555	-0.043254917	-0.020423715	-0.083858346	0.004144574	-0.094764301	-0.100202361	-0.077821581	0.0143805	0.001050213	0.009970706	-0.043805305	-0.126066514	0.076746118	-0.108709602
199	G	-0.010970515	0.013372362	-0.081548581	-0.097477234	-0.035075691	-0.033897701	-0.136915374	0.120741476	-0.0388718	0.00857092	-0.064377818	-0.029693106	-0.033470269	0.111230741	0.262622775
200	G	-0.086059136	-0.083523016	-0.04147494	0.043492868	-0.057595971	-0.013711857	-0.037404196	-0.025513396	-0.011398309	-0.03706613	-0.084628012	-0.03612523	-0.080111244	0.095286662	-0.236081342
201	G	-0.063537862	-0.035844805	0.003138208	-0.060255248	-0.001178732	-0.023201056	-0.026539457	-0.033059851	-0.064970427	-0.023358514	-0.04604748	-0.038324949	-0.107268967	0.093342034	-0.261429663
202	G	-0.01904692	-0.010655984	-0.187064157	-0.102794579	-0.051186818	-0.027390449	-0.030106699	0.007440215	0.015832276	-0.012351175	0.008026582	0.00282748	0.054344645	0.049507835	-0.100597321
203	G	-0.032353542	-0.055127244	-0.158576551	-0.108541079	-0.10166203	-0.093046082	-0.21563902	-0.145792257	-0.10035156	-0.005002955	-0.110730059	-0.066268612	-0.065077408	0.048782393	-0.305551028
204	G	-0.001321245	-0.036398302	0.010843683	0.006849992	0.035614417	0.008293612	-0.022670634	-0.091690328	0.093924724	-0.039177368	0.070272069	-0.012311327	0.005615105	-0.021474403	-0.267076
205	G	0.004328145	-0.025833137	-0.070505291	0.007627843	0.007445359	0.01413713	0.0267499	0.085074761	0.021879667	-0.035265588	-0.051836198	-0.062626883	0.044518772	0.031462278	-0.359950911
206	G	-0.026481341	-0.025118361	-0.066069826	-0.060494298	-0.01581919	-0.002845548	-0.056045181	-0.0444874	0.049565529	-0.027154925	-0.035549669	-0.020946973	-0.054792412	0.01386824	0.104221712
207	G	0.00419555	-0.034564367	0.034191238	-0.080977093	-0.109193942	0.051638718	0.011507455	-0.147359556	-0.00471224	-0.050157627	0.031227597	-0.049395457	-0.064547839	0.046410633	0.197066002
208	G	-0.071037982	-0.041412411	0.026203476	0.073105318	0.050741406	-0.033540575	-0.016261152	0.05005635	0.0290983	-0.063847813	-0.110497352	-0.051218055	-0.014850176	-0.01389019	-0.02969258
209	G	-0.03872442	-0.041691566	-0.11711998	0.03851755	-0.139662099	0.053062534	-0.014179993	0.139526613	0.049234519	-0.047614908	0.007125465	-0.017873983	0.002009648	0.09854107	0.132190897
210	G	-0.048485554	-0.020882004	0.069102381	-0.058243128	0.021838797	0.064014084	0.000912235	0.117720282	0.027520304	-0.034863986	0.003026761	-0.024270621	0.029884051	0.165564919	0.045863801
211	G	-0.114524433	-0.147623917	0.002772111	-0.043425103	-0.077926722	-0.079122332	-0.006851942	-0.001327353	-0.00453367	-0.005157877	0.005096522	-0.024482129	0.001990587	0.033586064	0.209891416
212	G	-0.047208641	-0.079748859	0.026805775	0.084457793	-0.017423409	0.14494217	0.05712745	0.059456005	0.043863463	-0.027891093	0.079976138	-0.028708817	0.024028157	0.079855034	-0.153812678
213	G	-0.021823332	-0.072075403	-0.003094143	0.067163103	-0.002161746	-0.005862701	0.108564422	0.032129689	-0.042806216	-0.061714738	-0.043742996	-0.068403963	-0.043313483	0.05311685	-0.124702638
214	G	-0.038364346	0.000522286	0.072516647	-0.012303216	-0.028405336	-0.019065352	-0.027615495	0.025815806	-0.00188549	-0.002035964	0.015094086	-0.059419625	0.050179498	-0.010667649	-0.068228171
215	G	-0.075153298	-0.059457627	-0.010129014	0.09187566	0.00223866	0.071235223	-0.034035124	-0.005208133	0.110483342	-0.075028154	-0.032286024	-0.042367098	-0.005189752	-0.009515751	0.107084456
216	G	-0.032581824	-0.021603344	-0.030591289	-0.038675076	-0.037994081	-0.033943413	-0.12809187	0.020174661	0.113826476	0.000657079	-0.037852959	0.000394612	0.008543661	0.069127336	-0.095519368
217	G	-0.000766024	0.008840823	-0.092297493	-0.224876589	-0.088439846	0.01359636	-0.072228959	-0.081552452	-0.043573106	-0.046547197	-0.076763936	0.040572518	-0.078088218	0.040614671	-0.082282568
218	G	0.013944092	-0.025186584	0.052442652	-0.023694354	-0.054962473	-0.028207593	0.052791106	0.059383596	0.020209976	-0.026437313	0.107002172	0.034558209	0.052638564	0.01221731	0.047000087
219	G	-0.075559664	-0.057899963	0.019381299	0.055861742	-0.072427557	-0.042541456	-0.074474203	0.019458944	0.038653048	-0.017559332	-0.083039382	-0.01500593	-0.033596792	0.017317379	-0.165655319
220	G	-0.061572533	-0.016848522	0.049893846	0.109108401	0.163381825	-0.019735141	0.005725806	-0.009358539	0.092726847	-0.052815133	0.027284871	-0.002291291	0.036372599	-0.026016169	-0.02235644
221	G	-0.012078119	0.038287746	-0.05096127	-0.067092468	0.071150856	0.107143536	0.054001365	0.022211777	-0.00904984	-0.050856941	0.082262896	0.006688824	0.103030629	0.09031465	0.020278351
222	G	-0.074572567	-0.09615751	-0.002652531	-0.012961587	-0.137384869	-0.029678852	0.079393334	0.022216671	0.098341026	-0.107731286	0.005906265	-0.056231995	0.001365777	0.049805285	0.00541801
223	G	-0.027374015	-0.022562685	0.024052725	-6.78E-05	0.037259313	0.011652976	0.103034275	0.114291095	0.120220628	-0.111500196	0.017259978	-0.034895032	0.054815123	-0.002169454	-0.2312069
224	G	-0.080455416	-0.064606677	0.006495785	-0.014976467	0.013043226	0.136996499	0.004007183	0.064771392	0.040342915	-0.040621437	-0.035285205	-0.089489142	-0.011317944	0.027956789	-0.005223942
225	G	-0.019119707	-0.035248028	-0.029188701	-0.062649951	-0.000616371	0.102835601	0.038647403	0.07302358	0.036599084	-0.011529784	0.028833758	0.013241076	0.035052841	0.049640233	0.139378202
226	G	-0.007791195	-0.019314605	-0.045865378	-0.019185853	-0.103494185	-0.004105842	-0.088853163	-0.002607297	-0.026684972	-0.064697428	-0.027114624	-0.053293765	-0.073068255	-0.096909443	-0.496382818
227	G	-0.023682477	-0.051768236	0.004309546	-0.047347149	-0.009951847	-0.056906185	0.061441199	-0.020377742	-0.062540486	0.002366836	0.098556512	-0.082041962	-0.020412989	0.031275317	0.110911115
228	G	-0.04908873	-0.070488733	-0.041676816	-0.082584973	-0.078631839	-0.050622937	-0.042998657	-0.068336418	-0.098275021	-0.016928998	0.042037029	-0.023246592	-0.007188806	0.077272359	0.12704046
229	G	-0.032366055	-0.112776574	0.061581653	0.045011726	-0.042574594	-0.076252513	0.002199486	-0.076119368	-0.016632268	-0.036771582	0.106127815	-0.037762917	-0.061473161	0.049677001	-0.200290815
230	G	-0.007558207	0.012836485	0.044680451	-0.041674606	-0.047130965	-0.072320739	-0.029146542	0.185573239	0.035208481	0.008329334	0.03863754	-0.039590242	0.011237055	0.00749664	-0.181811928
231	G	0.006463393	-0.052138425	-0.043170656	-0.006857021	0.002259664	-0.004510008	-0.080126664	0.039243453	-0.016672075	-0.023495228	-0.00492676	-0.031339049	0.002144585	0.022084659	0.022486834
232	G	-0.007114247	-0.026192438	-0.098717266	-0.021290954	-0.009746387	-0.007310485	-0.10045543	-0.043670949	-0.035125443	-0.001870094	0.007355404	-0.080376486	-0.103026209	0.081812034	0.040455624
233	G	-0.110079542	-0.050397799	-0.025493062	0.010785883	0.00021975	-0.094888798	-0.016206656	0.003649338	0.041678594	0.006678583	-0.016762332	-0.062050617	0.016737089	0.077943427	-0.056179167
234	G	-0.071826628	-0.060393738	0.079478157	-0.175279198	0.075282452	-0.068452814	-0.003460255	-0.127128158	0.027732143	-0.003041718	-0.034221892	-0.026966421	-0.050868353	0.000809887	-0.132341197
235	G	-0.05343692	-0.077257602	0.089727639	-0.049161473	-0.036191139	-0.120900066	0.017577992	-0.062358753	0.13870823	0.006990691	0.035880729	-0.068691791	0.000531436	0.01411007	-0.146838241
236	G	-0.001513099	0.027414674	0.035052759	0.100754171	0.103728646	0.02113154	0.013316586	-0.099913593	0.119131525	-0.031460597	-0.023987102	-0.055376606	-0.012666166	0.019444411	-0.037068828
237	G	-0.126868582	-0.068933853	0.012110949	0.000928712	-0.101000773	-0.033845377	0.033198554	-0.045552822	0.026840526	-0.007468982	-0.052073118	-0.028563203	-0.005358104	0.049813387	-0.24295719
238	G	-0.090157433	-0.010808799	-0.052909618	-0.080312939	0.03492625	0.010398896	-0.102341819	-0.021662067	0.034996313	-0.11056907	-0.105099792	-0.064871615	-0.09604768	0.007039673	-0.037182797
239	G	-0.075295168	-0.174640094	-0.048410344	-0.092499907	-0.045134904	-0.061367105	-0.045729049	-0.236548983	0.009834843	0.001832511	0.038339517	-0.04523717	0.050820384	0.057420683	0.073329487
240	G	-0.024882473	-0.017884144	-0.002835162	-0.051059976	-0.044317724	0.010707765	0.006717681	0.003357675	0.061545144	-0.026190552	0.043502559	0.014277179	0.03915753	0.024384428	0.088427073
241	G	-0.06737668	-0.092621838	-0.065948888	-0.277731057	-0.052579877	-0.074848738	-0.133393415	-0.076931625	0.097272756	-0.150021802	-0.047226302	-0.142993301	-0.099420711	0.12627936	0.115800415
242	G	-0.061568174	-0.02806138	-0.11552581	-0.083911422	0.039376826	-0.027909326	0.047448048	-0.098277675	0.077191637	-0.03437103	0.096219276	-0.072131463	-0.014342573	0.003893908	-0.115828244
243	G	0.009329729	0.032070496	0.038012912	-0.070802603	0.059369515	0.01153449	-0.10501522	0.010160502	0.040448339	0.029706026	-0.030691396	-0.055486022	-0.0395255	0.001086052	0.028470976
244	G	-0.089560295	-0.161113907	0.057382712	-0.103596208	-0.0504139	-0.087655703	-0.050575197	0.09610772	0.033674984	0.001918806	0.046160271	-0.023056544	0.00064641	-0.062443436	0.104681761
245	G	-0.042409165	-0.022834524	-0.065228736	-0.017320071	-0.059530955	-0.034234129	-0.053547412	-0.051421895	0.01193495	0.038613941	0.064563518	0.059502957	0.002765717	0.004872126	0.055469593
246	G	-0.000732275	-0.004148023	0.068907036	-0.089363497	0.004159167	-0.044456183	0.013506398	-0.015111732	0.03554243	0.015754109	0.035504978	0.002983331	0.005694275	0.055825569	-0.052728174
247	G	-0.051484552	-0.034082988	0.078903551	-0.015412462	0.010711397	0.012024004	0.04248247	-0.109733697	0.036207554	-0.041862833	0.039405062	-0.041271368	0.022490632	-0.030433389	0.055855025
248	G	-0.009512742	-0.009067511	0.032616351	0.026656686	-0.02035505	-0.02651528	-0.051023593	-0.118091803	0.022960469	0.013481931	0.066538134	-0.015190373	-0.007577531	-0.018823355	0.01887975
249	G	-0.063390902	-0.071678014	-0.10397229	0.02818147	0.010874173	0.010712793	-0.025499862	0.066025381	0.039717563	-0.018519598	0.00093399	-0.088771522	-0.013233601	0.074614799	-0.062126046
250	G	-0.079076135	-0.083623202	0.073770073	0.021604417	0.008980786	0.045667025	0.023460631	-0.069599691	-0.023785623	-0.033448961	0.008698443	0.038131538	0.044017528	-0.044768583	-0.256455232
251	G	-0.063105293	-0.018622704	-0.007114419	0.0698221	-0.069362397	-0.022539117	-0.085826522	-0.161521058	0.0109468	-0.023076194	-0.043100456	-0.070696775	-0.026775316	-0.049043761	0.11120117
252	G	0.035088373	0.003238188	0.031560755	0.058298209	0.085290217	-0.040209306	0.035912422	-0.034192852	0.021461804	0.016428052	0.064564327	0.02698608	0.065359022	-0.113653627	-0.051790686
253	G	0.013016367	-0.003934641	0.054484849	0.061338936	-0.009123481	-0.022610394	0.021141075	-0.080167784	0.030129363	-0.02535249	0.052917984	-0.044094679	-0.12842402	0.035354457	-0.188414776
254	G	-0.030243031	-0.010221019	-0.004713967	-0.071844728	0.08774996	0.032871883	0.038245856	-0.046305162	0.045669613	0.009894882	0.078324764	-0.009398942	0.02654172	-0.00317305	0.104367362
255	G	-0.010371368	-0.043659189	0.153995409	0.039981202	-0.032942595	-0.036411228	-0.009911545	-0.052980317	0.006991749	-0.019824204	0.053487396	-0.048359622	0.069692355	-0.081927034	0.059254769
256	G	0.01658754	-0.025424089	0.106195016	0.106987784	0.037348928	0.127606475	-0.002045156	-0.174997341	0.127974962	-0.037000145	0.01348399	0.014368379	0.017343861	-0.015504013	-0.133707039
257	G	-0.021619463	-0.085603576	0.074721034	0.044076604	-0.031547956	-0.022801849	-0.039912641	0.080450833	-0.041721094	-0.108887698	-0.109221129	-0.0163696	-0.059957495	-0.07913882	-0.390533841
258	G	-0.061745367	-0.060675612	0.061700608	0.036268016	0.028063728	0.081253284	0.021978974	-0.163992075	0.113412012	-0.048974614	0.038775299	-0.007766175	-0.023940701	-0.010292717	-0.309294072
259	G	0.02484667	0.008127361	0.002848857	-0.002271635	-0.021558424	0.002028378	-0.056884874	-0.047541877	0.043671442	-0.014129503	0.089556619	0.001558593	0.09133826	-0.173273655	0.12655002
260	G	-0.015358956	-0.000438878	0.009915624	0.015898218	-0.011733429	0.001774885	-0.065124681	-0.125829046	-0.031290428	-0.044099413	0.023188166	-0.081399772	-0.014230105	-0.099595161	0.007386318
261	G	-0.023913273	-0.000918231	0.088057698	0.087648067	0.084008106	0.017040317	0.067076213	-0.086516162	-0.050193604	-0.054131832	0.032671638	-0.02342511	0.070757388	-0.003347878	-0.351437303
262	G	-0.050095757	-0.028014795	0.038004303	0.075751298	-0.081916927	-0.00846033	-0.013530736	-0.144328784	0.105323359	-0.034143921	0.001085823	-0.038448611	0.006878282	0.035764116	0.05674009
263	G	0.017051209	-0.027697624	0.033061303	-0.042342225	-0.033628281	0.042760581	0.00389069	-0.033296016	0.031881064	0.002796418	0.096216179	0.040898065	0.087898902	-0.019229094	0.005218723
264	G	-0.025970716	-0.095117299	0.110589538	0.002732417	-0.044540567	0.016259859	0.011900782	-0.099855804	0.015313142	0.01713989	0.03703013	0.023415108	-0.037773269	-0.052694333	-0.0366616
265	G	0.055784965	0.023427889	0.079281729	0.125300548	-0.099097702	-0.091359523	-0.026432692	-0.032868149	-0.00625364	-0.039609442	0.033557613	-0.072293001	0.008030072	-0.030888826	-0.049753605
266	G	-0.06147563	-0.023603335	0.05257313	0.037199596	-0.101396	0.01227987	0.029860054	-0.086081374	0.106584235	0.038661008	0.022328558	0.012005452	0.064705028	0.129388006	0.071495173
267	F	0.035386382	-0.019644156	-0.020088412	-9.86E-05	0.055065805	-0.055294462	0.093894524	0.046865325	0.053458877	-0.000471668	-0.023131668	0.045811192	0.065086271	0.063158529	0.174129426
268	F	-0.030426523	-0.0566618	0.077053642	0.054421661	-0.016589191	-0.102250185	-0.040416743	-0.136079189	-0.064806501	-0.025334986	-0.141585947	-0.029086279	-0.057660359	-0.114088981	-0.098124801
269	F	0.02259547	-0.015916944	0.0742912	-0.016262192	0.008651509	-0.113781039	0.018034218	0.009322682	-0.052722009	0.044448725	-0.043114678	0.036403364	0.018366985	0.0128267	0.077781791
270	F	-0.042650963	-0.052751301	0.000134642	-0.031600966	0.016021044	-0.122957293	-0.003944969	-0.044749143	0.073905616	0.004798407	-0.079575701	0.01676002	-0.310006173	0.006667363	0.012988945
271	F	0.01971549	0.025787195	0.045842792	0.131549891	0.079267093	-0.032347998	0.053889527	0.007655215	0.133484269	-0.008599009	-0.01388147	0.030252439	0.005745565	0.010863599	0.286374717
272	F	0.014206652	0.029673527	-0.05347258	-0.038906852	0.034411039	-0.063949284	0.014619683	-0.014344484	0.086187612	-0.004812147	-0.080532087	-0.011372821	-0.053213216	-0.018327546	0.277727283
273	F	0.008727531	-0.054288141	0.051522226	0.047655807	0.081820276	-0.06344253	0.12765532	-0.010529495	0.045263529	0.029103727	0.033014739	0.030254169	0.124479175	0.04881867	0.209994492
274	F	0.011318909	0.013867326	-0.017918314	0.036807366	-0.038997173	-0.081356928	-0.072185358	-0.042957182	-0.008204424	-0.035520206	-0.0560488	-0.034012469	-0.056713684	-0.034375897	0.054454473
275	A	0.11181406	0.199213364	-0.112944474	-0.173156434	-0.18422206	0.091795799	-0.184597971	-0.026605799	-0.131242735	-0.034586009	-0.045321517	0.094388307	-0.021041423	-0.100015726	-0.043433289
276	A	0.086488728	0.129967538	-0.02006834	-0.159820134	0.079700624	0.112938156	-0.045155754	-0.063152235	-0.211208601	0.057213361	0.143286674	0.060674603	-0.011932117	-0.075778484	0.082775044
277	A	0.058249957	0.111342108	0.034888922	-0.155015328	0.067488035	0.097594372	0.014896691	0.134513537	-0.053844863	0.019163414	0.152407914	0.078580375	0.087837441	-0.1465093	0.174257689
278	A	0.074598699	0.091456989	0.044654214	-0.112353363	0.129013807	0.13694896	0.008618784	-0.088270572	-0.03721018	0.021826098	0.179249026	0.058946981	0.049572523	0.050830141	0.180335313
279	A	0.055774652	0.158697052	0.087911902	-0.068303662	0.100403987	0.064471159	-0.095030436	-0.060859749	-0.133523494	0.018443879	0.12606961	0.036009173	0.002929946	-0.067943532	-0.201970211
280	A	0.07139338	0.044799846	-0.135775055	0.010018037	-0.069397507	0.071782389	-0.077454196	0.121377258	-0.007475185	0.096865528	-0.105605983	0.164528326	0.06706461	0.045488427	-0.012976864
281	A	0.079905921	0.038465116	-0.044920794	-0.066244486	0.011328022	0.12654863	-0.016994621	0.103970147	-0.012847778	0.082975363	-0.024973623	0.085143008	0.091671239	0.029112221	-0.530631042
282	A	0.073035906	0.078688928	-0.077280362	-0.114362825	-0.061267897	0.052144699	-0.082580661	-0.014516183	-0.06553963	0.080684366	-0.005699147	0.049456429	0.008266612	-0.090383712	-0.187182189
283	A	0.107798514	0.12224896	0.133685208	0.109103688	0.20425545	0.208428217	0.152900668	0.101151937	0.078466317	0.063756952	0.128164724	0.089722366	0.168340644	-0.104699161	-0.14604978
284	A	-0.016105847	0.077778002	-0.03849906	-0.051480206	0.004394336	0.06152923	0.055509217	0.059473586	-0.01658685	0.032861869	-0.041181739	0.046752988	0.145513102	-0.116924179	-0.178842301
285	A	0.053661077	0.081461476	0.002362345	-0.107734207	-0.062478953	0.221464253	-0.060764307	-0.116004113	-0.067921021	0.014635635	-0.065983823	0.01725188	-0.02583261	-0.015342258	-0.18264116
286	A	0.053442145	0.135691851	0.052351319	0.031267855	-0.012712408	0.131929482	-0.031096514	-0.077118792	0.026137082	0.019041151	-0.044899242	0.075533357	-0.007829373	0.085862341	0.024719151
287	A	0.052947879	0.09870677	-0.092605561	0.117422365	-0.107470284	0.110511977	-0.101731326	-0.019345664	0.012994382	0.070805016	0.00078536	0.075142373	0.034991333	-0.033536846	-0.274267161
288	A	-0.038011105	0.060940748	-0.115521492	-0.093223363	0.122730389	-0.010375098	-0.034670391	0.12524557	0.077188015	0.044502945	0.014070317	0.030021052	-0.058960233	-0.005657195	-0.090125424
289	A	0.082531382	0.110170082	0.018477444	0.091500705	-0.08407041	0.157373719	-0.018907796	0.064414699	0.046674378	0.073481206	0.004462384	-0.041713803	-0.007869938	-0.187314685	0.040999469
290	A	0.059576958	0.111040854	-0.010105719	0.019391741	0.044187794	0.173400683	0.045827555	-0.00351369	0.116490993	0.076754879	-0.036648816	-0.001099509	0.01515267	-0.021343162	-0.202456739
291	A	0.04365536	0.022514962	-0.010246744	0.082833543	-0.07640242	0.06042232	0.093962275	0.077487226	0.083171184	0.042601439	0.010639773	0.035432132	-0.076987258	0.011470652	0.016193071
292	A	0.043402885	0.011141612	-0.077142782	0.019904642	-0.015598391	0.063588394	-0.022889204	0.181511736	-0.073184997	0.066715007	0.01186514	0.004999474	-0.001957925	0.094708913	0.109978001
293	A	-0.043675387	-0.012768632	0.036890228	0.031900255	-0.025286597	0.079716567	0.066067934	0.006687012	-0.075827871	0.040575933	-0.064106202	0.069499213	0.006177236	0.073682743	0.059367661
294	A	0.018140602	0.053250787	-0.054168482	0.006330334	-0.01278651	0.095402375	0.007988927	0.05966581	-0.160835176	-0.003298333	-0.056576323	0.056554893	0.062776327	-0.040079552	0.129589358
295	A	0.026655143	0.007604876	-0.127230707	0.001872068	0.029942026	0.093472175	-0.049004896	0.066653556	-0.001618216	0.021873365	-0.071528165	0.00073	0.092005909	0.105511198	0.025942287
296	A	0.019166543	0.07100391	-0.120393451	-0.01978956	-0.085792762	0.090068832	-0.131888938	0.193717163	0.042872866	0.053038758	-0.046584342	-0.002390467	-0.003815489	0.026754502	0.368592107
297	A	-0.003872311	0.049039734	-0.054171312	-0.024612603	-0.081115134	0.121731093	0.026134614	-0.023810238	-0.052415682	-0.006803338	0.004371807	0.037879165	-0.03195335	0.060419852	0.06499305
298	A	0.013562428	0.098914511	-0.065911693	-0.019569764	-0.141922096	0.130191282	-0.0613476	0.057702127	-0.039417174	0.043697544	-0.087719018	0.027862514	-0.02984638	-0.080245911	-0.143131836
299	A	0.071562378	0.025091186	-0.101039224	-0.016333494	0.04743724	0.069920984	-0.015410063	-0.067221999	-0.025382219	0.044285338	0.03982303	0.083145946	0.006059339	-0.046236052	0.026687789
300	A	0.055455675	0.021503536	0.001331753	-0.029043801	-0.114199143	0.092793778	-0.053335961	-0.034192852	-0.039803392	0.04865833	0.023422384	-0.007670854	-0.11568946	-0.057470348	0.389211156
301	A	0.015821418	0.041527734	-0.01485609	-0.010254717	-0.009123481	0.069026338	-0.056374575	0.119676123	-0.068240483	0.03901812	0.004908765	0.094013381	-0.032172221	-0.121926116	0.24058083
302	A	-0.006899693	-0.027838266	-0.10493138	-0.064458113	-0.018159872	0.094920843	-0.056220669	0.024894048	-0.073509231	0.01340344	-0.064225559	0.020390531	0.00247504	0.047213491	0.203797004
303	A	0.033328326	0.022092189	-0.089894611	-0.029544861	0.002882131	0.092671363	-0.027219004	0.13082382	0.039916534	0.053852517	0.000950063	0.061751496	0.014672979	0.061779687	0.187509105
304	A	0.016350398	0.066692919	-0.059468648	0.038270416	-0.00389047	0.091384942	0.011828676	-0.00043752	-0.010662228	0.025663431	0.070127044	0.037539958	0.117793426	0.113975671	0.25316761
305	A	0.049109869	0.073922518	-0.128767498	-0.063158559	-0.129347084	0.166846744	0.09140753	0.091676444	0.062390494	0.061249352	0.034814919	0.06074778	0.089912445	0.101462403	0.008709735
306	A	-0.087752864	0.024089018	-0.04713061	0.050365552	-0.046592907	0.188591927	0.103956542	0.098873555	-0.013747986	0.014354265	0.022042531	0.048311548	0.082562709	0.071835246	0.084330416
307	A	-0.000645244	0.052460194	-0.078273386	-0.00567067	-0.039209301	0.191320063	0.01132654	0.071834683	0.05309307	0.031032042	0.012885482	-0.036628621	0.021633539	0.092371475	0.126320936
308	A	0.054002328	0.144012639	-0.012952944	0.046794061	0.101583072	0.236265138	0.049111645	0.154708367	-0.046358113	0.094075042	0.170997159	0.030242117	0.118998404	-0.036123547	0.228639805
309	A	0.013392959	0.100538849	-0.094835117	0.055437559	-0.002634451	0.100724609	0.074079466	0.090838632	-0.194242837	0.000460835	-0.041220323	0.058212531	0.058693238	-0.088363649	0.268099989
310	A	0.03263482	0.053727705	-0.061485967	-0.014686314	-0.040331828	0.141978724	-0.0260278	0.058162098	-0.061041342	0.030005842	-0.041405691	0.047901912	0.009427783	-0.006950203	0.322753853
311	A	-0.034670525	-0.025196405	-0.086681361	-0.087141495	-0.000604471	0.128642242	-0.011797942	-0.020295609	0.013507721	0.067227158	0.045860877	0.043586114	0.027674623	0.041101609	-0.012772643
312	A	0.062309282	0.068464446	-0.031989833	-0.011748594	-0.011386816	0.057613413	0.006120773	-0.028877119	-0.041767005	0.009052647	-0.03023757	0.018253876	0.067657269	0.028818493	0.141015758
313	A	0.024933974	0.025325638	-0.123871794	0.027766451	-0.026283883	0.126267111	0.02825356	0.091420173	-0.014838233	0.055138802	0.003340146	0.014847688	0.061495062	0.067449534	0.268623878
314	A	0.043329894	0.065626421	-0.020124028	0.084137534	-0.116121189	0.143973784	-0.022177919	0.120677154	-0.060331373	0.031010122	-0.055998839	0.160778137	-0.040518119	0.023951613	0.172131646
315	A	0.062956638	-0.035324617	-0.135192788	0.024434603	-0.147364184	0.041857994	-0.179176648	-0.04009396	-0.024714146	0.020416474	-0.060779129	0.027653642	-0.0397596	0.067899953	0.330747289
316	A	0.063182305	0.193698301	0.039864931	-0.016938966	0.059270713	0.156490552	0.005895784	0.15810006	-0.107198623	-0.008769764	0.035821249	0.001909583	0.020630913	-0.102557672	0.056079376
317	A	0.041772203	0.091218216	-0.109535587	-0.177774343	0.004068144	0.010291741	-0.068128936	0.123719675	0.017065475	0.024794198	-0.014545955	0.001344456	-0.005777651	0.087475511	0.007201013
318	A	0.030868669	0.085116727	-0.062499492	-0.097024936	0.050022706	0.033912001	-0.080537136	-0.141261385	-0.003541902	0.016423091	-0.055167456	0.037931305	-0.004537616	0.087795552	-0.023127798
319	A	0.041877744	0.129108733	-0.010963912	0.093675441	0.260391666	-0.009765856	0.024967145	0.262289224	-0.008490198	0.068739275	0.064019668	0.023538504	0.160332777	-0.036447104	-0.283720398
320	A	0.006616049	0.03998399	-0.214633275	0.013436721	0.121376676	0.03099746	-0.014519936	0.229310995	-0.001737209	-0.013330579	0.047343512	0.041718777	0.11300025	0.045076184	0.177962567